ShrineSmallAir,7109,7117,7359,7367
StoneMazePath,7125,7127,7257,7259
StoneMazePathBig,7134,7142,7275,7283
StoneMazeStudy,7107,7121,7272,7280
StoneMazePath,7137,7139,7284,7286
StoneMazeShootingRange,7131,7136,7284,7292
StoneMazeEndChest,7137,7139,7287,7289
StoneMazeFountain,7122,7130,7281,7289
StoneMazeEndChest,7140,7142,7284,7286
StoneMazePath,7128,7130,7257,7259
StoneMazePath,7122,7124,7257,7259
StoneMazeSpiderRoom,7128,7133,7260,7265
StoneMazePath,7113,7115,7278,7280
StoneMazeShootingRange,7116,7121,7257,7265
StoneMazePath,7119,7121,7284,7286
StoneMazeEndChest,7119,7121,7281,7283
StoneMazePath,7125,7127,7290,7292
StoneMazePath,7113,7115,7257,7259
StoneMazePath,7131,7133,7278,7280
StoneMazeShootingRange,7125,7130,7272,7280
StoneMazeFountain,7110,7118,7281,7289
StoneMazePath,7131,7133,7257,7259
StoneMazePath,7113,7115,7290,7292
StoneMazePath,7131,7133,7281,7283
StoneMazeEndChest,7122,7124,7278,7280
StoneMazeEndChest,7131,7133,7275,7277
StoneMazePath,7107,7109,7284,7286
StoneMazePath,7134,7136,7257,7259
StoneMazePath,7122,7124,7290,7292
StoneMazePath,7128,7130,7290,7292
StoneMazePath,7107,7109,7281,7283
StoneMazePath,7137,7139,7257,7259
StoneMazePath,7140,7142,7257,7259
StoneMazePath,7140,7142,7260,7262
StoneMazePath,7119,7121,7290,7292
StoneMazePath,7116,7118,7290,7292
StoneMazePath,7137,7139,7272,7274
StoneMazePath,7134,7136,7272,7274
StoneMazePath,7134,7136,7269,7271
StoneMazePath,7137,7139,7269,7271
StoneMazePath,7140,7142,7272,7274
StoneMazeEndChest,7119,7121,7287,7289
StoneMazeEndChest,7131,7133,7269,7271
StoneMazePath,7137,7139,7266,7268
StoneMazePath,7140,7142,7263,7265
StoneMazePath,7137,7139,7263,7265
StoneMazePath,7140,7142,7269,7271
StoneMazeEndChest,7137,7139,7260,7262
StoneMazePath,7140,7142,7266,7268
StoneMazeEndChest,7110,7112,7290,7292
StoneMazePath,7134,7136,7266,7268
StoneMazePath,7134,7136,7263,7265
StoneMazePath,7131,7133,7266,7268
StoneMazePath,7134,7136,7260,7262
StoneMazeSpiderRoom,7125,7130,7266,7271
StoneMaze,7107,7142,7257,7292
StonePlantMound1,7073,7079,7244,7250
StonePlantMound,7028,7033,7398,7403
WoodWallRemains,7023,7051,7239,7247
