PeacefulCrypt,7663,7687,8211,8227
StoneMazePathBig,7484,7492,8277,8285
StoneMazeStudy,7484,7492,8286,8300
StoneMazePath,7493,7495,8280,8282
StoneMazePath,7493,7495,8283,8285
StoneMazePath,7496,7498,8280,8282
StoneMazePath,7484,7486,8292,8294
StoneMazePath,7496,7498,8277,8279
StoneMazeStudy,7496,7510,8289,8297
StoneMazePath,7502,7504,8289,8291
StoneMazePath,7496,7498,8283,8285
StoneMazePath,7502,7504,8286,8288
StoneMazePath,7496,7498,8286,8288
StoneMazePath,7475,7477,8289,8291
StoneMazeFountain,7499,7507,8277,8285
StoneMazePath,7493,7495,8277,8279
StoneMazePath,7493,7495,8286,8288
StoneMazePath,7478,7480,8289,8291
StoneMazeEndChest,7475,7477,8292,8294
StoneMazePathBig,7487,7495,8304,8312
StoneMazePath,7490,7492,8301,8303
StoneMazePath,7475,7477,8286,8288
StoneMazePath,7475,7477,8283,8285
StoneMazePath,7499,7501,8286,8288
StoneMazePath,7487,7489,8301,8303
StoneMazePath,7475,7477,8280,8282
StoneMazePath,7505,7507,8286,8288
StoneMazeSpiderRoom,7481,7486,8301,8306
StoneMazePath,7496,7498,8307,8309
StoneMazePath,7508,7510,8280,8282
StoneMazePath,7478,7480,8280,8282
StoneMazeEndChest,7478,7480,8283,8285
StoneMazeEndChest,7508,7510,8277,8279
StoneMazePath,7496,7498,8310,8312
StoneMazePath,7493,7495,8289,8291
StoneMazePath,7499,7501,8307,8309
StoneMazePath,7484,7486,8307,8309
StoneMazePath,7481,7483,8307,8309
StoneMazeEndChest,7481,7483,8310,8312
StoneMazePath,7478,7480,8307,8309
StoneMazePath,7481,7483,8280,8282
StoneMazePath,7493,7495,8292,8294
StoneMazePath,7493,7495,8295,8297
StoneMazePath,7475,7477,8307,8309
StoneMazePath,7478,7480,8304,8306
StoneMazePath,7478,7480,8301,8303
StoneMazePath,7478,7480,8298,8300
StoneMazePath,7493,7495,8298,8300
StoneMazePath,7475,7477,8310,8312
StoneMazePath,7478,7480,8295,8297
StoneMazePath,7481,7483,8283,8285
StoneMazePath,7478,7480,8310,8312
StoneMazePath,7481,7483,8295,8297
StoneMazePath,7493,7495,8301,8303
StoneMazeEndChest,7475,7477,8277,8279
StoneMazePath,7481,7483,8286,8288
StoneMazePath,7478,7480,8292,8294
StoneMazePath,7502,7504,8307,8309
StoneMazePath,7481,7483,8292,8294
StoneMazePath,7481,7483,8298,8300
StoneMazeEndChest,7475,7477,8295,8297
StoneMazePath,7505,7507,8307,8309
StoneMazePath,7496,7498,8301,8303
StoneMazeSpiderRoom,7502,7507,8301,8306
StoneMazeEndChest,7496,7498,8298,8300
StoneMazePath,7496,7498,8304,8306
StoneMazePath,7505,7507,8310,8312
StoneMazePath,7481,7483,8289,8291
StoneMazeEndChest,7499,7501,8304,8306
StoneMazePath,7499,7501,8301,8303
StoneMazeEndChest,7478,7480,8286,8288
StoneMazePath,7502,7504,8310,8312
StoneMazeEndChest,7499,7501,8310,8312
StoneMazePath,7499,7501,8298,8300
StoneMazePath,7502,7504,8298,8300
StoneMazePath,7508,7510,8307,8309
StoneMazePath,7505,7507,8298,8300
StoneMazePath,7508,7510,8310,8312
StoneMazePath,7508,7510,8304,8306
StoneMazePath,7508,7510,8301,8303
StoneMazePath,7508,7510,8298,8300
StoneMaze,7475,7510,8277,8312
