StoneMazePath,9860,9862,3098,3100
StoneMazePath,9857,9859,3098,3100
StoneMazePath,9857,9859,3101,3103
StoneMazePath,9857,9859,3095,3097
StoneMazePathBig,9854,9862,3104,3112
StoneMazePath,9857,9859,3113,3115
StoneMazeEndChest,9857,9859,3116,3118
StoneMazeStudy,9842,9850,3104,3118
StoneMazeShootingRange,9815,9820,3089,3097
StoneMazeStudy,9830,9838,3071,3085
StoneMazePath,9854,9856,3113,3115
StoneMazePathBig,9821,9829,3092,3100
StoneMazePath,9860,9862,3113,3115
StoneMazePath,9860,9862,3101,3103
StoneMazePath,9830,9832,3077,3079
StoneMazePath,9854,9856,3116,3118
StoneMazePathBig,9821,9829,3074,3082
StoneMazePath,9818,9820,3077,3079
StoneMazeSpiderRoom,9815,9820,3071,3076
StoneMazeEndChest,9815,9817,3077,3079
StoneMazePath,9851,9853,3116,3118
StoneMazePath,9824,9826,3071,3073
StoneMazePath,9848,9850,3110,3112
StoneMazePath,9851,9853,3110,3112
StoneMazePath,9824,9826,3101,3103
StoneMazePath,9818,9820,3080,3082
StoneMazeShootingRange,9818,9823,3101,3109
StoneMazePath,9824,9826,3104,3106
StoneMazePath,9854,9856,3101,3103
StoneMazePath,9818,9820,3083,3085
StoneMazePath,9827,9829,3071,3073
StoneMazePath,9851,9853,3107,3109
StoneMazePath,9815,9817,3083,3085
StoneMazeEndChest,9821,9823,3071,3073
StoneMazePath,9821,9823,3083,3085
StoneMazePath,9821,9823,3086,3088
StoneMazeEndChest,9860,9862,3095,3097
StoneMazePath,9815,9817,3080,3082
StoneMazeShootingRange,9848,9856,3095,3100
StoneMazeStudy,9851,9859,3080,3094
StoneMazePath,9827,9829,3101,3103
StoneMazeEndChest,9815,9817,3086,3088
StoneMazePath,9851,9853,3101,3103
StoneMazeSpiderRoom,9830,9835,3098,3103
StoneMazePath,9857,9859,3086,3088
StoneMazePath,9821,9823,3089,3091
StoneMazePath,9815,9817,3101,3103
StoneMazePath,9851,9853,3104,3106
StoneMazeShootingRange,9824,9829,3083,3091
StoneMazeEndChest,9818,9820,3086,3088
StoneMazePath,9815,9817,3104,3106
StoneMazePath,9815,9817,3107,3109
StoneMazePath,9860,9862,3086,3088
StoneMazePath,9860,9862,3083,3085
StoneMazePathBig,9830,9838,3086,3094
StoneMazeEndChest,9815,9817,3098,3100
StoneMazePath,9833,9835,3095,3097
StoneMazePath,9836,9838,3095,3097
StoneMazePath,9839,9841,3095,3097
StoneMazePath,9860,9862,3080,3082
StoneMazeShootingRange,9815,9823,3110,3115
StoneMazePath,9839,9841,3092,3094
StoneMazePath,9842,9844,3095,3097
StoneMazeEndChest,9839,9841,3098,3100
StoneMazePath,9842,9844,3092,3094
StoneMazePath,9815,9817,3116,3118
StoneMazePath,9845,9847,3092,3094
StoneMazeEndChest,9845,9847,3089,3091
StoneMazePath,9818,9820,3116,3118
StoneMazePath,9845,9847,3095,3097
StoneMazePath,9860,9862,3077,3079
StoneMazePath,9860,9862,3074,3076
StoneMazePath,9845,9847,3098,3100
StoneMazePath,9845,9847,3101,3103
StoneMazePath,9857,9859,3074,3076
StoneMazePath,9848,9850,3092,3094
StoneMazePath,9821,9823,3116,3118
StoneMazePath,9848,9850,3089,3091
StoneMazePath,9857,9859,3077,3079
StoneMazeShootingRange,9824,9829,3110,3118
StoneMazePath,9842,9844,3089,3091
StoneMazePath,9830,9832,3116,3118
StoneMazePath,9842,9844,3098,3100
StoneMazePath,9842,9844,3086,3088
StoneMazePath,9845,9847,3086,3088
StoneMazePath,9848,9850,3086,3088
StoneMazePath,9854,9856,3074,3076
StoneMazePath,9851,9853,3074,3076
StoneMazePath,9842,9844,3101,3103
StoneMazePath,9839,9841,3086,3088
StoneMazePath,9851,9853,3077,3079
StoneMazePath,9848,9850,3077,3079
StoneMazeEndChest,9839,9841,3083,3085
StoneMazePath,9845,9847,3077,3079
StoneMazePath,9833,9835,3116,3118
StoneMazePath,9845,9847,3080,3082
StoneMazePath,9851,9853,3071,3073
StoneMazePath,9848,9850,3071,3073
StoneMazePath,9848,9850,3080,3082
StoneMazePath,9848,9850,3074,3076
StoneMazePathBig,9830,9838,3107,3115
StoneMazePath,9845,9847,3074,3076
StoneMazePath,9845,9847,3071,3073
StoneMazePath,9842,9844,3083,3085
StoneMazePath,9842,9844,3080,3082
StoneMazePath,9842,9844,3077,3079
StoneMazePath,9839,9841,3080,3082
StoneMazePath,9842,9844,3074,3076
StoneMazePath,9857,9859,3071,3073
StoneMazeEndChest,9860,9862,3071,3073
StoneMazePath,9839,9841,3110,3112
StoneMazePath,9839,9841,3101,3103
StoneMazePath,9839,9841,3077,3079
StoneMazePath,9836,9838,3101,3103
StoneMazeEndChest,9842,9844,3071,3073
StoneMazePath,9839,9841,3107,3109
StoneMazePath,9839,9841,3104,3106
StoneMazePath,9839,9841,3074,3076
StoneMazePath,9839,9841,3071,3073
StoneMazeBig,9815,9862,3071,3118
